100 6 70004 0.870215373191
101 6 40008 0.89352724405
102 6 60004 1.14005205174
103 6 60006 1.178914845
104 6 10003 0.994823043523
105 6 60005 1.18094121446
106 6 80002 0.944306097339
107 6 80001 1.10181153741
108 6 20003 1.16471833287
109 6 50002 1.13978391092
110 6 30004 0.96278552392
111 6 90001 1.19962317559
112 6 20004 1.1267330117
113 6 10002 0.923889406671
114 6 50002 0.809266938113
115 6 50003 1.18953855506
116 6 10002 1.02341624106
117 6 80004 1.19847664984
118 6 60005 1.02417533275
119 6 50002 1.18957552355
120 6 40006 0.959650974072
121 6 30002 0.987618926633
122 6 60005 0.921387489092
123 6 20001 1.0587223342
124 6 50003 0.832512530247
125 6 90001 0.802398695525
126 6 30002 1.08175299416
127 6 30003 0.879171377804
128 6 00602 1.12590597299
129 6 00544 1.14185631167
130 6 60005 0.809946033889
131 6 20003 0.904376247983
132 6 90001 1.04143190658
133 6 20002 1.12674595529
134 6 20002 0.952779193095
135 6 70004 1.12887562915
136 6 30002 1.05887482876
137 6 90002 0.973049830447
138 6 40008 1.01137006657
139 6 80004 0.964291695219
140 6 90003 1.17432471261
141 6 50003 1.01071340635
142 6 60005 1.00917733058
143 6 60001 0.97474204735
144 6 70004 1.10013949149
145 6 30005 1.05572659708
146 6 60001 0.873294672831
147 6 60004 0.815696822457
148 6 40007 0.995989916008
149 6 80003 0.883478731357
150 6 60001 1.10366695991
151 6 60001 0.884342883187
152 6 40008 0.91752793375
153 6 90005 1.16585802034
154 6 70001 1.1547316841
155 6 00601 0.892754990296
156 6 60005 0.900456008627
157 6 60001 0.887965991471
158 6 70003 1.13936289033
159 6 40007 1.12869902596
160 6 40008 0.981621765
161 6 30002 0.869073057935
162 6 70002 1.08341406466
163 6 80001 1.12591569825
164 6 90005 0.901094858519
165 6 70001 1.11111698309
166 6 10003 1.17328685767
167 6 70003 1.09365098529
168 6 80004 0.827137374761
169 6 70003 1.19698923014
170 6 10001 1.17310635831
171 6 20003 1.08615812904
172 6 50002 0.866252940125
173 6 20002 0.912198800327
174 6 70004 1.14340865525
175 6 00602 0.812972302923
176 6 50003 0.823638067966
177 6 50002 1.17047107902
178 6 40008 1.04198324091
179 6 60005 1.10752662468
180 6 40007 1.10522728702
181 6 50005 0.937719346043
182 6 40003 1.02154696402
183 6 90001 0.960524395371
184 6 40004 0.975145948009
185 6 60004 0.809330309453
186 6 60002 1.0385489882
187 6 50002 1.01570499668
188 6 80002 0.826958564416
189 6 70004 0.826057586408
190 6 10001 1.16372200557
191 6 30004 1.15552321265
192 6 20004 1.10615913654
193 6 50003 0.927476612698
194 6 90005 0.87218144743
195 6 50001 0.816202414483
196 6 70003 1.18185450482
197 6 90004 0.802719432076
198 6 90003 0.89812125051
199 6 50002 1.06542419247
